field,guidance,record
Change Domain,,
Description,,
Required Evidence,,
Owner Due,,
Decision,,
Annual Renewal,,
